0 33.209438 -87.541493 
1 36.068681 -94.176012 
2 32.23564 -110.95174 
3 34.07088 -118.44685 
4 40.00694 -105.26639 
5 41.82176 -72.24278 
6 39.68103 -75.75402 
7 29.63288 -82.34901 
8 33.94043 -83.37305 
9 46.72380 -117.02044 
10 40.09912 -88.23852 
11 39.18024 -86.50935 
12 41.66831 -91.57953 
13 38.95349 -95.26309 
14 38.02704 -84.50484 
15 30.21929 -92.04138 
16 44.89914 -68.66637 
17 38.99041 -76.94386 
18 42.38694 -72.52991 
19 42.29421 -83.71004 
20 44.97101 -93.23144 
21 34.36461 -89.53963 
22 38.93641 -92.32970 
23 46.85461 -113.96552 
24 40.82068 -96.70048 
25 39.54427 -119.81631 
26 43.13827 -70.93238 
27 40.74213 -74.17903 
28 35.08663 -106.62021 
29 40.90988 -73.12155 
30 35.90504 -79.04775 
31 47.92654 -97.07212 
32 39.32300 -82.10268 
33 35.19599 -97.44571 
34 44.04455 -123.07174 
35 39.94934 -75.18964 
36 41.48730 -71.53446 
37 33.99288 -81.02675 
38 42.79137 -96.92542 
39 35.95164 -83.93088 
40 30.28522 -97.73389 
41 40.76281 -111.83687 
42 44.47374 -73.19415 
43 38.04106 -78.50550 
44 47.65435 -122.30806 
45 39.65369 -79.95745 
46 43.08027 -89.43096 
47 41.31423 -105.56432 
